p1=[22,  27.2;43,  210;78,  85.9;106,  81.1]
p2=[3,   469.8;11,  1600;15, 42.8;43,41.7]
p3=[0,  766.8;7,  947.6;9,  706.2;15, 14.4;29,2.3;36,1.1;50,1.0;57,1.8;64,2.1]
p4=[0,  153.0;0,  153.0;6,  216.0;14, 143.0;21, 30.2;32,6.4;39,4.1;46,5.85]
p5=[0,   228.22,   599.2;6,  2617.4;14, 169.6;21,93.7;42, 165.6]
p6=[0,   939.26;3,  1485.0;8,   701.6;10, 564.0;15, 106.5;17,11.2;22,87.3;24,20.6;29,14.78;36,27.5]
p7=[0, 1350.6;4,  2398.6;9,   337.2;12,   340.6;16,   202.3;19,   169.7;23,   141.4;26,56.48;30,   182.75;50,   267.0;60,   182.7]
p8=[0,  2217.7;4,  2427.9;7,  2200.4;11,  1134.3;14,   705.9;18,   447.8;21,   412.7;26,   302.1;29,   118.8;33,   248.8;36,   173.6;40,   131.3;49,   259.1]
p9=[0,  216.4;5,  355.2;8,  355.4;12,  146.8;19,  100.9;29,   34.7;57,   11.4]
p10=[4,  8057.2;9,  9622.8;10,  7830.0;14,   715.81;16,   213.79;18,   121.03;28,16.36;30,11.79;35,31.75;42,24.05;51,16.257]
