T <- 15
ts <- c(1,2,3,4,5,6,7,8,9,10,11,12,13,14,15)
V0 <- c(0.031,0.015)
t0 <- 0
V1 <- c(0.0390, 0.0372, 0.0360, 0.0709, 0.0644, 0.0974, 0.0986, 0.1181, 0.1315, 0.1405, 0.1348, 0.1400, 0.1319, 0.1295, 0.1237)
V2 <- c(0.0179, 0.0230, 0.0528, 0.0727, 0.0878, 0.0955, 0.1463, 0.1971, 0.2284, 0.2782, 0.3227, 0.3835, 0.4052, 0.4555, 0.4916)
