N <- 5
Tsum <- 6
Tind <- 2
ts <- c(3,5,7,10,13,15)
odds <- structure(c(1,0,3,1,1,1,1,3,0,1), .Dim = c(5,2))
t0 <- 0
Vsum <- structure(c(0.0636679167 0.0661274167 0.0987616667 0.16010675 0.25829375 0.280966 0.0574364167 0.0799836667 0.1146740833 0.2577545833 0.41375175 0.4119126667 0.0589646667 0.0776658333 0.1201630833 0.27822025 0.5145295 0.557941 0.0544568333 0.08331 0.1326801667 0.35862575 0.5359255 0.523286 0.0503110833 0.0921101667 0.1695063333 0.4100345833	0.5936558333 0.6179516667), .Dim = c(5,6))
V1 <- structure(c(0.99 0.98 0.56 0.45 0.32 0.18 0.12 0.06 0.00 0.00), .Dim = c(5,2))
V2 <- structure(c(0.00 0.00 0.43 0.53 0.67 0.80 0.87 0.92 0.99 0.97), .Dim = c(5,2))
